1422 -141
1423 -142
1428 -145
1433 -155
1435 -161
1435 -161
1438 -170
1436 -182
1435 -190
1435 -195
1435 -207
1435 -216
1435 -229
1434 -244
1433 -257
1433 -264
1424 -283
1421 -289
1421 -289
1407 -288
1403 -282
1401 -279
1399 -267
1397 -256
1397 -249
1399 -239
1402 -228
1405 -216
1407 -208
1408 -202
1411 -192
1411 -187
1414 -181
1420 -169
1426 -157
1429 -153
1434 -145
1435 -144
1442 -140
1446 -139
1435 -137
1448 -130
1457 -130
1462 -135
1466 -139
1470 -149
1466 -163
1462 -169
1450 -184
1446 -186
1440 -191
