1492 -151
1497 -153
1505 -160
1511 -166
1518 -168
1529 -168
1536 -164
1541 -157
1546 -147
1547 -137
1543 -129
1541 -127
1529 -127
1519 -130
1513 -139
1509 -149
1507 -156
1505 -166
1505 -173
1506 -180
1509 -190
1514 -194
1518 -195
1526 -195
1534 -191
1542 -180
1545 -176
1550 -173
1559 -164
1565 -159
1570 -151
1580 -140
1583 -134
1587 -128
1588 -127
1589 -127
1594 -139
1594 -142
1593 -150
1591 -164
1590 -171
1590 -178
1590 -181
1593 -180
1599 -173
1605 -170
1607 -169
1615 -160
1622 -154
1626 -149
1629 -145
1635 -134
1640 -125
1643 -123
